36
   8.4929744e-01   1.3372380e+00   2.8000747e-01
   4.6930718e-01  -1.6163173e+00   8.4605887e-02
  -2.3978170e-01  -4.9181759e-01   7.2911906e-01
   9.2098545e-01  -9.6930157e-01   9.0075310e-01
  -9.0688138e-01  -4.7410792e-01  -1.3256383e+00
   1.4444061e-01  -6.6616383e-01  -1.5245788e+00
   1.3964090e+00   4.7837468e-01   5.0243333e-01
  -1.8969876e-01  -1.0410581e+00   3.0639143e-01
  -8.4383589e-01  -8.2065909e-01  -9.3916047e-01
   1.9434380e+00   1.0112961e-01   1.2374021e+00
  -2.4692154e-01   1.0839825e+00   3.3011915e-02
   4.4161916e-01  -1.8545272e+00   1.2356832e-01
  -8.0361148e-01   1.7997528e+00   2.7393938e-01
   2.8760943e-01  -8.7837431e-01   7.5416581e-01
   4.6701809e-01   6.4773273e-01   1.5244975e+00
   4.5616096e-03   1.0495650e+00  -2.6197576e-01
   3.2609036e-01   1.3230934e+00  -1.7306835e+00
   1.2045867e+00  -5.1735897e-01   1.0134643e+00
  -1.4041158e+00   2.4314950e-02  -9.2773610e-01
   2.0556356e-01  -1.6236687e-01   1.2436803e+00
  -1.9911958e+00  -6.0566109e-01  -5.8948870e-01
   2.8408934e-02   2.7170976e-01   1.4914817e+00
   1.9305154e+00   3.5864341e-01  -8.0597809e-01
   9.4113679e-01  -3.5231512e-01  -1.1125991e+00
  -6.9244513e-03   1.3235993e-01   9.5693957e-01
  -3.3824165e-01   2.6735818e+00  -1.3630516e+00
   5.2826578e-01  -7.5660754e-03   6.8058496e-01
   1.0568996e+00   7.1030294e-01   4.3782362e-01
   1.4740617e-02  -4.6253936e-01  -1.4326755e-01
   1.6147613e+00  -5.2787790e-01  -3.4153250e-01
  -8.1585496e-01  -3.4578707e-01   2.0578106e+00
  -1.9977591e+00   5.6455777e-01  -3.7453504e-01
  -7.4819141e-01  -8.0153914e-01  -1.9020320e-01
  -1.9930402e-01  -1.8529468e+00  -9.3873241e-01
  -3.7276008e-01   5.3216017e-02  -8.1346236e-01
  -8.4737116e-01  -4.3641522e-01  -5.8361875e-01
