36
   2.1750467e-01  -1.7046622e+00   2.8096976e-01
   5.6243010e-01   8.1840584e-01  -1.2603857e+00
  -5.8185221e-01   9.9332722e-02  -6.0084413e-01
   1.9421531e-01  -2.6896735e-01  -1.5507087e+00
   5.0314840e-01   1.2002908e+00   9.9645367e-01
   1.3566336e+00   8.2672562e-01   4.8029861e-01
   5.8507360e-01  -1.4447215e+00  -6.2496464e-01
  -1.2135360e-01   6.6501109e-01  -6.9529597e-01
   3.2641662e-01   1.2693689e+00   5.0726692e-01
   4.7386593e-01  -1.6884619e+00  -1.5623258e+00
  -2.5804064e-01  -8.3121364e-01   8.4289434e-01
   5.5098829e-01   9.7694741e-01  -1.4290161e+00
  -9.4705261e-01  -1.1443072e+00   1.4373474e+00
  -1.5161266e-01   1.2485914e-01  -1.0789072e+00
  -8.1647668e-01  -1.3904419e+00  -6.7488987e-01
   1.2690356e-01  -8.5896281e-01   8.9168220e-01
   1.3474339e+00  -7.2550404e-01   1.7670331e+00
   2.0963939e-01  -7.4366066e-01  -1.4710558e+00
  -2.1051428e-01   9.5401634e-01   1.3288552e+00
  -6.4226679e-01  -5.4090032e-01  -8.7157888e-01
  -7.6336988e-01   1.6210716e+00   1.0155272e+00
  -1.0420079e+00  -8.8349599e-01  -6.8655880e-01
   1.9230169e+00  -1.1588494e+00  -1.9918077e-01
   1.5651002e+00   5.5224202e-02   3.3688511e-02
  -6.5252125e-01  -5.4763977e-01  -4.0823166e-01
   4.2062815e-01  -1.5020487e+00   2.7276386e+00
  -9.3410642e-02  -6.6434369e-01  -6.1896151e-01
   3.6543768e-01  -1.3918407e+00  -2.6454783e-01
   2.4694609e-01   2.5335742e-01  -1.5379519e-01
   1.4915056e+00  -4.8361166e-01  -8.5758939e-01
  -1.9459098e+00  -1.3271608e-01  -9.7179321e-01
  -1.0612421e+00   6.7624194e-01   1.6384834e+00
  -1.6735926e-01   9.6475387e-01   4.1370063e-02
   8.5841004e-01   1.7458151e+00  -4.6841133e-01
   4.2209684e-01   3.5408026e-01   7.4677739e-01
  -2.4878697e-02   8.2942216e-01   5.3750956e-01
